Reacoes de apoio [N]
[[3993.61128807]
 [2788.10097163]
 [1475.61971169]]

Deslocamentos [m]
[[ 0.        ]
 [ 0.        ]
 [ 0.00089023]
 [-0.00399389]
 [ 0.00029967]
 [-0.00431891]
 [ 0.00018111]
 [-0.00410975]
 [ 0.00045672]
 [-0.00431026]
 [-0.0003758 ]
 [-0.00395415]
 [ 0.00101554]
 [ 0.        ]]

Deformacoes []
[[-0.0061484 ]
 [-0.00426143]
 [-0.00352614]
 [-0.00325408]
 [-0.0006604 ]
 [ 0.00062558]
 [ 0.00184735]
 [-0.00191252]
 [ 0.00156076]
 [ 0.00081799]
 [ 0.00291054]]

Forcas internas [N]
[[-6234.3833007 ]
 [-4321.03089853]
 [-3575.45684635]
 [-3299.58598427]
 [ -669.6371516 ]
 [  634.32998299]
 [ 1873.18610751]
 [-1939.26267355]
 [ 1582.59065519]
 [  829.4276647 ]
 [ 2951.23942337]]

Tensoes internas [Pa]
[[-1.18750158e+09]
 [-8.23053504e+08]
 [-6.81039399e+08]
 [-6.28492568e+08]
 [-1.27549934e+08]
 [ 1.20824759e+08]
 [ 3.56797354e+08]
 [-3.69383366e+08]
 [ 3.01445839e+08]
 [ 1.57986222e+08]
 [ 5.62140843e+08]]